MCs
[ 35.04985231  40.61042668  44.93701933  54.08557739  57.90803642
  63.00788441  69.60437028  73.39754341  79.54070934  84.80488558
  88.60831978  96.1346453   97.53677589 106.36613861 114.20415197
 120.69549145 123.57821788 130.82116648 133.96791249 140.83645477]

vars
[0.33479372 0.66442305 0.99453567 1.33336938 1.66415356 1.99688319
 2.33982304 2.66041824 3.00420352 3.32948625 3.6562189  3.99340828
 4.32640253 4.67072799 5.01686313 5.34262612 5.67527572 6.00118656
 6.34287423 6.68818969]
 