9.998910196187809074e-01
1.000323704030529948e+00
9.993936232132337727e-01
1.000475229787683995e+00
9.996749187064252196e-01
9.996179085463601233e-01
9.999428892924798751e-01
9.991642418254151892e-01
9.999068164210633824e-01
1.000007335413424459e+00
9.996791418808379515e-01
1.000096173166912683e+00
1.000037462799976629e+00
1.000087807788248462e+00
9.998175787676635284e-01
9.995144750931709288e-01
1.000309240968496383e+00
9.999555255530453435e-01
9.995668162955261282e-01
9.999871263248633069e-01
9.999204688681108122e-01
9.997819905497825621e-01
9.996428607069876016e-01
9.997222598215518286e-01
1.000131402144232684e+00
9.999014955168169516e-01
9.999463024341804784e-01
9.996733696847043271e-01
9.999152796352540618e-01
9.996897728321809673e-01
1.000008028414724581e+00
9.997250983601947416e-01
1.000264616117050309e+00
1.000095615325351517e+00
1.000009099151831782e+00
9.999989019305877136e-01
9.999351478332167975e-01
9.997420218654367030e-01
9.998341033779669651e-01
9.999738015665688984e-01
1.000056141294491718e+00
9.998690428665332197e-01
9.997567380116694213e-01
9.998995718834058355e-01
1.000196011008084307e+00
9.997322392683176684e-01
9.998741220014212283e-01
9.997763589983603705e-01
9.998489756769208814e-01
9.999614965390301036e-01

SHOULD BE SAME AS EXP_REV