100.04968232601294
200.05751532278742
300.6510299005739
400.9653343642233
501.9436543494663
602.2653045643556
703.4298086849741
804.6916273850247
905.5576390864006
1007.0272974057015
1107.835416724326
1209.3731844164668
1311.8279846286246
1413.6495825938082
1515.3402775596971
1617.1794945997185
1719.9325508877903
1822.3809840018016
1924.7654393437888
2027.4073130670697
2129.7692414569347
2232.715314727314
2336.5112914751226
2439.759978777125
2543.1807482965596
2646.2474797018613
2750.002106349348
2853.2491745126217
2957.568828893603
3061.2903020948943
3164.9419149463743
3269.9555886846556
3374.9670900553583
3479.4309604202926
3584.2050138880477
3688.947084216871
3794.3352106791103
3898.9390781348816
4004.751407156229
4109.408519868499
4215.626463380266
4320.850413580993
4427.853012899068
4532.622180347212
4639.716207054429
4745.511899264262