99.98074749010117
200.1068562870879
299.8742647884267
399.93057610433056
499.99260909878524
600.1835684596349
699.8731242550266
799.7364741190424
900.1101809637582
1000.0446783295849
1100.02453562448
1200.1920892456367
1299.6180446133021
1400.3678215879809
1500.3238748188792
1599.9764154446634
1700.6685039154852
1799.9668806963768
1900.8958411474568
2000.3775872242095
2100.4308871948456
2201.0703769676534
2301.0464292216193
2400.6872404601136
2500.2092173497617
2601.239220558486
2701.4078454955607
2801.210202245831
2901.0541427315625
3000.6619561813213
3101.820294407952
3202.2205665151087
3301.3525477074118
3402.098842403898
3503.1027470952095
3603.086194161562
3703.111857401194
3803.083490111427
3904.607394371471
4004.8848514706924
4104.367395916719
4204.207809088219
4304.662948782019
4404.60299703358
4506.0060438152395
4606.417233823859
4706.336981182778
4806.41715922482
4905.699113410483
5006.877830866146
5107.534353558442
5209.084612411616
5309.922246364041
